PLAYER
163.20697,606.8732,-164.05469,1.0,0,0,0
WORLD
480.0,688.0,32.0,528.0,48.0,16.0,400.0,192.0,192.0,368.0,624.0,160.0,576.0,496.0,480.0,624.0
INFILTRATOR
427.62503,272.93997,225.0,0
INFILTRATOR
277.48093,635.49896,45.0,0
INFILTRATOR
315.85797,615.336,315.0,0
INFILTRATOR
448.56604,317.1623,315.0,0
PLAYER
616.8588,542.14294,27.149681,0.6,0,0,0
WORLD
544.0,48.0,80.0,528.0
INFILTRATOR
427.22473,274.86862,135.0,0
INFILTRATOR
639.33136,689.33136,315.0,0
PLAYER
441.82428,78.00815,-96.4133,0.20000003,0,0,0
WORLD
480.0,688.0,624.0,160.0,16.0,352.0,480.0,624.0,320.0,432.0,48.0,16.0,80.0,160.0,80.0,528.0,544.0,48.0,576.0,496.0,400.0,192.0,624.0,304.0,352.0,288.0,192.0,368.0,192.0,16.0,32.0,528.0
INFILTRATOR
307.07486,612.76135,315.0,0
INFILTRATOR
259.36618,613.1334,315.0,0
INFILTRATOR
338.66602,611.3583,315.0,0
INFILTRATOR
294.92554,624.25867,315.0,0
INFILTRATOR
307.9959,630.1623,45.0,0
INFILTRATOR
249.2699,618.0631,225.0,0
INFILTRATOR
620.8989,32.148937,315.0,0
INFILTRATOR
32.29534,527.41174,135.0,0
