PLAYER
126.27235,177.68468,-7.5038257,0.9049994,0,0,0
WORLD
624.0,304.0,32.0,528.0,480.0,624.0,192.0,16.0,544.0,48.0,352.0,288.0
INFILTRATOR
268.41696,612.80756,45.0,0
INFILTRATOR
318.51123,615.58167,225.0,0
INFILTRATOR
294.76526,621.36115,225.0,0
INFILTRATOR
253.72272,608.82104,135.0,0
PLAYER
458.1807,499.47464,-255.85873,0.19999896,0,0,0
WORLD
32.0,528.0,192.0,368.0,80.0,528.0,48.0,16.0,352.0,288.0,624.0,160.0,80.0,160.0,480.0,624.0,320.0,432.0,16.0,352.0,624.0,304.0,544.0,48.0,192.0,16.0
INFILTRATOR
300.3268,616.7665,315.0,0
INFILTRATOR
326.99835,618.22363,45.0,0
INFILTRATOR
350.95615,633.2463,225.0,0
INFILTRATOR
337.80307,624.1286,225.0,0
INFILTRATOR
259.4255,627.8159,225.0,1
INFILTRATOR
268.92987,624.07935,45.0,0
PLAYER
350.06027,232.87372,-148.69792,0.73499954,0,0,0
WORLD
16.0,352.0,192.0,16.0,480.0,624.0,352.0,288.0,320.0,432.0,48.0,16.0,400.0,192.0,80.0,160.0,624.0,304.0,480.0,688.0,192.0,368.0,576.0,496.0,32.0,528.0,80.0,528.0,624.0,160.0,544.0,48.0
INFILTRATOR
313.19803,633.92633,135.0,0
INFILTRATOR
329.10748,621.02606,45.0,0
INFILTRATOR
345.00848,624.5557,45.0,0
INFILTRATOR
295.46796,619.8437,315.0,0
INFILTRATOR
265.301,619.4985,135.0,0
INFILTRATOR
269.89178,632.4855,45.0,0
INFILTRATOR
272.6445,639.081,45.0,0
INFILTRATOR
544.0644,47.650063,135.0,0
